217
321
389
416
428
619
660
922
938
942
961
973
1552
1623
1626
1627
1633
1634
1636
1640
1641
1652
1654
1655
1658
1660
1664
1666
1668
1670
1672
1676
1680
1681
1683
1685
1687
1688
1689
1693
1695
1697
1699
1700
1703
1706
1707
1708
1710
1711
1716
1718
1719
1720
1722
1723
1724
1726
1730
1732
1735
1737
1739
1742
1743
1746
1751
1753
1756
1757
1758
1759
1760
1763
1765
1766
1770
1775
1779
1781
1784
1786
1788
1794
1795
1796
1797
1799
1802
1804
1805
1806
1807
1808
1809
1810
1811
1814
1815
1819
1823
1824
1825
1826
1827
1828
1829
1831
1833
1837
1838
1839
1847
1849
1851
1856
1859
1861
1863
1866
1867
1868
1869
1870
1871
1875
1878
1882
1884
1888
1889
1890
1891
1894
1896
1898
1900
1902
1904
1906
1907
1910
1915
1916
1917
1918
1919
1921
1922
1923
1924
1925
1930
1932
1933
1934
1935
1937
1940
1942
1943
1944
1947
1949
1950
1952
1953
1954
1956
1957
1959
1960
1964
1968
1969
1971
1972
1973
1976
1978
1981
1982
1983
1984
1986
1988
1989
1990
1993
1994
1998
2001
2002
2003
2004
2005
2006
2007
2008
2009
